[gd_scene load_steps=17 format=3 uid="uid://bdjr74ufad5u3"]

[ext_resource type="PackedScene" uid="uid://bhnoncv4d06wc" path="res://player/player.tscn" id="1_pghpa"]
[ext_resource type="PackedScene" uid="uid://g5mf5ftf0ibq" path="res://items/prefabs/test_axe.tscn" id="2_5i2df"]
[ext_resource type="PackedScene" uid="uid://c8e5wvy2nibkl" path="res://items/prefabs/test_hammer.tscn" id="3_8pfva"]
[ext_resource type="PackedScene" uid="uid://bup5fvxcval5l" path="res://items/prefabs/test_pickaxe.tscn" id="4_csipc"]
[ext_resource type="PackedScene" uid="uid://lkwdp2272vwf" path="res://items/prefabs/test_sword.tscn" id="5_iepdu"]
[ext_resource type="PackedScene" uid="uid://dinnf5053tkob" path="res://items/prefabs/test_torch.tscn" id="6_e4g6v"]
[ext_resource type="PackedScene" uid="uid://bhkeij11o56jd" path="res://items/prefabs/test_spear.tscn" id="7_5i2df"]
[ext_resource type="PackedScene" uid="uid://b0yv7f0dxtby8" path="res://environment/models/tree_type_1.tscn" id="8_8pfva"]
[ext_resource type="PackedScene" uid="uid://y34mvs7v4s21" path="res://environment/models/tree_type_2.tscn" id="9_iepdu"]
[ext_resource type="PackedScene" uid="uid://bm1rj7pt1xknv" path="res://environment/models/tree_type_3.tscn" id="10_e4g6v"]
[ext_resource type="PackedScene" uid="uid://dmelgbtdqtbvb" path="res://environment/models/square_block.tscn" id="11_e4g6v"]
[ext_resource type="PackedScene" uid="uid://bq7dohdqyp5u6" path="res://environment/models/world_sphere.tscn" id="12_ss8hn"]

[sub_resource type="ProceduralSkyMaterial" id="ProceduralSkyMaterial_6soqe"]

[sub_resource type="Sky" id="Sky_wwx2q"]
sky_material = SubResource("ProceduralSkyMaterial_6soqe")

[sub_resource type="Environment" id="Environment_sfx5v"]
background_mode = 2
sky = SubResource("Sky_wwx2q")
tonemap_mode = 3
sdfgi_use_occlusion = true
fog_enabled = true

[sub_resource type="StandardMaterial3D" id="StandardMaterial3D_pghpa"]

[node name="Greybox" type="Node3D"]

[node name="WorldEnvironment" type="WorldEnvironment" parent="."]
environment = SubResource("Environment_sfx5v")

[node name="DirectionalLight3D" type="DirectionalLight3D" parent="WorldEnvironment"]
transform = Transform3D(1, 0, 0, 0, 1, 0, 0, 0, 1, 150, 150, 0)
light_color = Color(0.89411765, 0.5921569, 0.34901962, 1)
light_energy = 3.0

[node name="Boundary" type="CSGCombiner3D" parent="."]
material_override = SubResource("StandardMaterial3D_pghpa")
use_collision = true

[node name="Ground" type="CSGBox3D" parent="Boundary"]
size = Vector3(300, 1, 300)

[node name="Player" parent="." instance=ExtResource("1_pghpa")]
transform = Transform3D(1, 0, 0, 0, 1, 0, 0, 0, 1, 0, 1, 0)

[node name="Table 1" type="CSGCombiner3D" parent="."]
transform = Transform3D(1, 0, 0, 0, 1, 0, 0, 0, 1, 0, 0, 10)
use_collision = true

[node name="Table" type="CSGBox3D" parent="Table 1"]
transform = Transform3D(10, 0, 0, 0, 0.1, 0, 0, 0, 2, 0, 1.3, 0)

[node name="Leg 1" type="CSGBox3D" parent="Table 1"]
transform = Transform3D(0.3, 0, 0, 0, 1, 0, 0, 0, 0.3, 4.5, 0.85, -0.75)

[node name="Leg 2" type="CSGBox3D" parent="Table 1"]
transform = Transform3D(0.3, 0, 0, 0, 1, 0, 0, 0, 0.3, 0, 0.85, -0.74)

[node name="Leg 3" type="CSGBox3D" parent="Table 1"]
transform = Transform3D(0.3, 0, 0, 0, 1, 0, 0, 0, 0.3, -4.5, 0.85, -0.75)

[node name="Leg 4" type="CSGBox3D" parent="Table 1"]
transform = Transform3D(0.3, 0, 0, 0, 1, 0, 0, 0, 0.3, -4.5, 0.85, 0.7399998)

[node name="Leg 5" type="CSGBox3D" parent="Table 1"]
transform = Transform3D(0.3, 0, 0, 0, 1, 0, 0, 0, 0.3, 0, 0.85, 0.75)

[node name="Leg 6" type="CSGBox3D" parent="Table 1"]
transform = Transform3D(0.3, 0, 0, 0, 1, 0, 0, 0, 0.3, 4.5, 0.85, 0.75)

[node name="TestAxe" parent="Table 1" instance=ExtResource("2_5i2df")]
transform = Transform3D(1, 0, 0, 0, 1, 0, 0, 0, 1, 4, 2, 0)

[node name="TestHammer" parent="Table 1" instance=ExtResource("3_8pfva")]
transform = Transform3D(1, 0, 0, 0, 1, 0, 0, 0, 1, -4, 2, 0)

[node name="TestPickaxe" parent="Table 1" instance=ExtResource("4_csipc")]
transform = Transform3D(1, 0, 0, 0, 1, 0, 0, 0, 1, 2.5, 2.241, 0)

[node name="TestSword" parent="Table 1" instance=ExtResource("5_iepdu")]
transform = Transform3D(1, 0, 0, 0, 1, 0, 0, 0, 1, -2.5, 2.597, 0)

[node name="TestTorch" parent="Table 1" instance=ExtResource("6_e4g6v")]
transform = Transform3D(1, 0, 0, 0, 1, 0, 0, 0, 1, 1, 2.285, 0)

[node name="TestSpear" parent="Table 1" instance=ExtResource("7_5i2df")]
transform = Transform3D(1, 0, 0, 0, 1, 0, 0, 0, 1, -1, 2.863, 0)

[node name="Trees" type="Node3D" parent="."]

[node name="TreeType1" parent="Trees" instance=ExtResource("8_8pfva")]
transform = Transform3D(1, 0, 0, 0, 1, 0, 0, 0, 1, 30.504847, 0.54159427, 9.551546)

[node name="TreeType2" parent="Trees" instance=ExtResource("8_8pfva")]
transform = Transform3D(0.69458306, 0, 0.7194125, 0, 1, 0, -0.7194125, 0, 0.69458306, -59.954735, 0.54159427, 43.82894)

[node name="TreeType3" parent="Trees" instance=ExtResource("8_8pfva")]
transform = Transform3D(0.6421724, 0, -0.7665603, 0, 1, 0, 0.7665603, 0, 0.6421724, -105.10727, 0.54159427, -12.399498)

[node name="TreeType4" parent="Trees" instance=ExtResource("8_8pfva")]
transform = Transform3D(-0.88549906, 0, -0.46464118, 0, 1, 0, 0.46464118, 0, -0.88549906, -8.495903, 0.54159427, -64.12299)

[node name="TreeType5" parent="Trees" instance=ExtResource("8_8pfva")]
transform = Transform3D(0.5385355, 0, -0.84260267, 0, 1, 0, 0.84260267, 0, 0.5385355, 99.62688, 0.54159427, -28.440641)

[node name="TreeType6" parent="Trees" instance=ExtResource("8_8pfva")]
transform = Transform3D(0.37514064, 0, 0.9269679, 0, 1, 0, -0.9269679, 0, 0.37514064, 70.7391, 0.54159427, 82.57156)

[node name="TreeType7" parent="Trees" instance=ExtResource("8_8pfva")]
transform = Transform3D(-0.92985356, 0, -0.36792976, 0, 1, 0, 0.36792976, 0, -0.92985356, 62.96853, 0.54159427, -119.961586)

[node name="TreeType8" parent="Trees" instance=ExtResource("8_8pfva")]
transform = Transform3D(-0.99802893, 0, -0.06275572, 0, 1, 0, 0.06275572, 0, -0.99802893, -90.756676, 0.54159427, -105.655334)

[node name="TreeType9" parent="Trees" instance=ExtResource("8_8pfva")]
transform = Transform3D(-0.656059, 0, -0.7547095, 0, 1, 0, 0.7547095, 0, -0.656059, -16.344795, 0.54159427, 108.29481)

[node name="TreeType10" parent="Trees" instance=ExtResource("8_8pfva")]
transform = Transform3D(-0.5918443, 0, -0.8060522, 0, 1, 0, 0.8060522, 0, -0.5918443, -125.13262, 0.54159427, 103.73965)

[node name="TreeType11" parent="Trees" instance=ExtResource("9_iepdu")]
transform = Transform3D(1, 0, 0, 0, 1, 0, 0, 0, 1, -117.4571, 0.50012225, 49.91723)

[node name="TreeType12" parent="Trees" instance=ExtResource("9_iepdu")]
transform = Transform3D(0.8853287, 0, -0.46496564, 0, 1, 0, 0.46496564, 0, 0.8853287, -60.1157, 0.50012225, -27.788383)

[node name="TreeType13" parent="Trees" instance=ExtResource("9_iepdu")]
transform = Transform3D(0.55581695, 0, -0.8313047, 0, 1, 0, 0.8313047, 0, 0.55581695, -123.084045, 0.50012225, -70.12455)

[node name="TreeType14" parent="Trees" instance=ExtResource("9_iepdu")]
transform = Transform3D(0.44524473, 0, -0.8954089, 0, 1, 0, 0.8954089, 0, 0.44524473, -20.191132, 0.50012225, -102.010666)

[node name="TreeType15" parent="Trees" instance=ExtResource("9_iepdu")]
transform = Transform3D(0.7942344, 0, -0.6076115, 0, 1, 0, 0.6076115, 0, 0.7942344, 55.9068, 0.50012225, -74.14383)

[node name="TreeType16" parent="Trees" instance=ExtResource("9_iepdu")]
transform = Transform3D(1, 0, 0, 0, 1, 0, 0, 0, 1, 118.875114, 0.50012225, 37.323547)

[node name="TreeType17" parent="Trees" instance=ExtResource("9_iepdu")]
transform = Transform3D(0.9231364, 0, -0.38447255, 0, 1, 0, 0.38447255, 0, 0.9231364, 4.1923447, 0.50012225, 67.334015)

[node name="TreeType18" parent="Trees" instance=ExtResource("9_iepdu")]
transform = Transform3D(0.19984674, 0, 0.97982717, 0, 1, 0, -0.97982717, 0, 0.19984674, -78.60432, 0.50012225, 123.87156)

[node name="TreeType19" parent="Trees" instance=ExtResource("9_iepdu")]
transform = Transform3D(0.83392435, 0, 0.55187875, 0, 1, 0, -0.55187875, 0, 0.83392435, 112.17635, 0.50012225, 123.87156)

[node name="TreeType20" parent="Trees" instance=ExtResource("10_e4g6v")]
transform = Transform3D(0.8280212, 0, -0.5606968, 0, 1, 0, 0.5606968, 0, 0.8280212, 66.624794, 0.5631999, 35.17996)

[node name="TreeType21" parent="Trees" instance=ExtResource("10_e4g6v")]
transform = Transform3D(0.22228028, 0, 0.9749828, 0, 1, 0, -0.9749828, 0, 0.22228028, 22.680943, 0.5631999, -27.2525)

[node name="TreeType22" parent="Trees" instance=ExtResource("10_e4g6v")]
transform = Transform3D(0.68870896, 0, 0.7250379, 0, 1, 0, -0.7250379, 0, 0.68870896, 110.032776, 0.5631999, -85.665695)

[node name="TreeType23" parent="Trees" instance=ExtResource("10_e4g6v")]
transform = Transform3D(0.4671275, 0, 0.88418996, 0, 1, 0, -0.88418996, 0, 0.4671275, -76.46069, 0.5631999, -63.9617)

[node name="TreeType24" parent="Trees" instance=ExtResource("10_e4g6v")]
transform = Transform3D(0.6882153, 0, -0.7255065, 0, 1, 0, 0.7255065, 0, 0.6882153, -21.262909, 0.5631999, 9.188763)

[node name="TreeType25" parent="Trees" instance=ExtResource("10_e4g6v")]
transform = Transform3D(0.43848097, 0, -0.8987405, 0, 1, 0, 0.8987405, 0, 0.43848097, -60.919556, 0.5631999, 80.73152)

[node name="TreeType26" parent="Trees" instance=ExtResource("10_e4g6v")]
transform = Transform3D(0.2619029, 0, -0.9650942, 0, 1, 0, 0.9650942, 0, 0.2619029, 41.705444, 0.5631999, 110.74195)

[node name="TreeType27" parent="Trees" instance=ExtResource("10_e4g6v")]
transform = Transform3D(0.80800015, 0, -0.58918226, 0, 1, 0, 0.58918226, 0, 0.80800015, 111.37255, 0.5631999, 76.444275)

[node name="Node3D" type="Node3D" parent="Trees"]

[node name="SquareBlocks" type="Node" parent="."]

[node name="SquareBlock" parent="SquareBlocks" instance=ExtResource("11_e4g6v")]
transform = Transform3D(1, 0, 0, 0, 1, 0, 0, 0, 1, -48.614773, 2, 4.2068214)

[node name="SquareBlock2" parent="SquareBlocks" instance=ExtResource("11_e4g6v")]
transform = Transform3D(1, 0, 0, 0, 1, 0, 0, 0, 1, -27.71656, 2.0000153, -27.131474)

[node name="SquareBlock3" parent="SquareBlocks" instance=ExtResource("11_e4g6v")]
transform = Transform3D(1, 0, 0, 0, 1, 0, 0, 0, 1, 57.33191, 2.0000153, -10.24572)

[node name="SquareBlock4" parent="SquareBlocks" instance=ExtResource("11_e4g6v")]
transform = Transform3D(1, 0, 0, 0, 1, 0, 0, 0, 1, 33.29087, 2.0000153, 54.55818)

[node name="SquareBlock6" parent="SquareBlocks" instance=ExtResource("11_e4g6v")]
transform = Transform3D(1, 0, 0, 0, 1, 0, 0, 0, 1, -27.366848, 2.0000153, 83.481445)

[node name="SquareBlock5" parent="SquareBlocks" instance=ExtResource("11_e4g6v")]
transform = Transform3D(1, 0, 0, 0, 1, 0, 0, 0, 1, -21.754932, 2.0000153, 33.62429)

[node name="SquareBlock7" parent="SquareBlocks" instance=ExtResource("11_e4g6v")]
transform = Transform3D(1, 0, 0, 0, 1, 0, 0, 0, 1, -62.635765, 2.0000153, 107.98122)

[node name="SquareBlock8" parent="SquareBlocks" instance=ExtResource("11_e4g6v")]
transform = Transform3D(1, 0, 0, 0, 1, 0, 0, 0, 1, -98.205185, 2.0000153, 72.951965)

[node name="SquareBlock9" parent="SquareBlocks" instance=ExtResource("11_e4g6v")]
transform = Transform3D(1, 0, 0, 0, 1, 0, 0, 0, 1, -83.005585, 2.0000153, 23.764732)

[node name="SquareBlock10" parent="SquareBlocks" instance=ExtResource("11_e4g6v")]
transform = Transform3D(1, 0, 0, 0, 1, 0, 0, 0, 1, -109.08394, 2.0000153, -49.099327)

[node name="SquareBlock11" parent="SquareBlocks" instance=ExtResource("11_e4g6v")]
transform = Transform3D(1, 0, 0, 0, 1, 0, 0, 0, 1, -83.44351, 2.0000153, -92.002106)

[node name="SquareBlock12" parent="SquareBlocks" instance=ExtResource("11_e4g6v")]
transform = Transform3D(1, 0, 0, 0, 1, 0, 0, 0, 1, -45.75302, 2.0000153, -66.877716)

[node name="SquareBlock13" parent="SquareBlocks" instance=ExtResource("11_e4g6v")]
transform = Transform3D(1, 0, 0, 0, 1, 0, 0, 0, 1, 19.48809, 2.0000153, -106.54639)

[node name="SquareBlock14" parent="SquareBlocks" instance=ExtResource("11_e4g6v")]
transform = Transform3D(1, 0, 0, 0, 1, 0, 0, 0, 1, 81.37344, 2.0000153, -86.498795)

[node name="SquareBlock15" parent="SquareBlocks" instance=ExtResource("11_e4g6v")]
transform = Transform3D(1, 0, 0, 0, 1, 0, 0, 0, 1, 44.57048, 2.0000153, -48.303467)

[node name="SquareBlock16" parent="SquareBlocks" instance=ExtResource("11_e4g6v")]
transform = Transform3D(1, 0, 0, 0, 1, 0, 0, 0, 1, 118.14391, 2.0000153, -30.590992)

[node name="SquareBlock17" parent="SquareBlocks" instance=ExtResource("11_e4g6v")]
transform = Transform3D(1, 0, 0, 0, 1, 0, 0, 0, 1, 93.490105, 2.0000153, 9.377594)

[node name="SquareBlock18" parent="SquareBlocks" instance=ExtResource("11_e4g6v")]
transform = Transform3D(1, 0, 0, 0, 1, 0, 0, 0, 1, 93.490105, 2.0000153, 59.514458)

[node name="SquareBlock19" parent="SquareBlocks" instance=ExtResource("11_e4g6v")]
transform = Transform3D(1, 0, 0, 0, 1, 0, 0, 0, 1, 122.614655, 2.0000153, 99.594734)

[node name="SquareBlock20" parent="SquareBlocks" instance=ExtResource("11_e4g6v")]
transform = Transform3D(1, 0, 0, 0, 1, 0, 0, 0, 1, 60.736557, 2.0000153, 124.55996)

[node name="SquareBlock21" parent="SquareBlocks" instance=ExtResource("11_e4g6v")]
transform = Transform3D(1, 0, 0, 0, 1, 0, 0, 0, 1, 21.489601, 2.0000153, 88.26464)

[node name="SquareBlock22" parent="SquareBlocks" instance=ExtResource("11_e4g6v")]
transform = Transform3D(1, 0, 0, 0, 1, 0, 0, 0, 1, -2.5886192, 2.0000153, 121.613365)

[node name="SquareBlock23" parent="SquareBlocks" instance=ExtResource("11_e4g6v")]
transform = Transform3D(1, 0, 0, 0, 1, 0, 0, 0, 1, 18.787197, 2.0000153, 26.7697)

[node name="SquareBlock24" parent="SquareBlocks" instance=ExtResource("11_e4g6v")]
transform = Transform3D(1, 0, 0, 0, 1, 0, 0, 0, 1, -121.86613, 2.0000153, 2.6388893)

[node name="WorldSpheres" type="Node" parent="."]

[node name="Node3D" parent="WorldSpheres" instance=ExtResource("12_ss8hn")]
transform = Transform3D(1, 0, 0, 0, 1, 0, 0, 0, 1, -27, 2, 23)

[node name="Node3D2" parent="WorldSpheres" instance=ExtResource("12_ss8hn")]
transform = Transform3D(1, 0, 0, 0, 1, 0, 0, 0, 1, -16.682894, 2, -10.029804)

[node name="Node3D3" parent="WorldSpheres" instance=ExtResource("12_ss8hn")]
transform = Transform3D(1, 0, 0, 0, 1, 0, 0, 0, 1, 20.991335, 2, 7.325756)

[node name="Node3D4" parent="WorldSpheres" instance=ExtResource("12_ss8hn")]
transform = Transform3D(1, 0, 0, 0, 1, 0, 0, 0, 1, 20.991335, 2, 54.434353)

[node name="Node3D6" parent="WorldSpheres" instance=ExtResource("12_ss8hn")]
transform = Transform3D(1, 0, 0, 0, 1, 0, 0, 0, 1, -21.422525, 2, 67.66405)

[node name="Node3D7" parent="WorldSpheres" instance=ExtResource("12_ss8hn")]
transform = Transform3D(1, 0, 0, 0, 1, 0, 0, 0, 1, 5.932083, 2, 101.94167)

[node name="Node3D8" parent="WorldSpheres" instance=ExtResource("12_ss8hn")]
transform = Transform3D(1, 0, 0, 0, 1, 0, 0, 0, 1, -36.696907, 2, 128.69603)

[node name="Node3D9" parent="WorldSpheres" instance=ExtResource("12_ss8hn")]
transform = Transform3D(1, 0, 0, 0, 1, 0, 0, 0, 1, -107.2764, 2, 104.269455)

[node name="Node3D10" parent="WorldSpheres" instance=ExtResource("12_ss8hn")]
transform = Transform3D(1, 0, 0, 0, 1, 0, 0, 0, 1, -86.53179, 2, 44.85788)

[node name="Node3D11" parent="WorldSpheres" instance=ExtResource("12_ss8hn")]
transform = Transform3D(1, 0, 0, 0, 1, 0, 0, 0, 1, -71.041504, 2, -7.3769684)

[node name="Node3D12" parent="WorldSpheres" instance=ExtResource("12_ss8hn")]
transform = Transform3D(1, 0, 0, 0, 1, 0, 0, 0, 1, -104.6196, 2, -89.28941)

[node name="Node3D13" parent="WorldSpheres" instance=ExtResource("12_ss8hn")]
transform = Transform3D(1, 0, 0, 0, 1, 0, 0, 0, 1, -37.55182, 2, -89.28941)

[node name="Node3D14" parent="WorldSpheres" instance=ExtResource("12_ss8hn")]
transform = Transform3D(1, 0, 0, 0, 1, 0, 0, 0, 1, -50.337193, 2, -19.28743)

[node name="Node3D15" parent="WorldSpheres" instance=ExtResource("12_ss8hn")]
transform = Transform3D(1, 0, 0, 0, 1, 0, 0, 0, 1, -7.959711, 2, -39.511505)

[node name="Node3D16" parent="WorldSpheres" instance=ExtResource("12_ss8hn")]
transform = Transform3D(1, 0, 0, 0, 1, 0, 0, 0, 1, 49.571625, 2, 84.77615)

[node name="Node3D17" parent="WorldSpheres" instance=ExtResource("12_ss8hn")]
transform = Transform3D(1, 0, 0, 0, 1, 0, 0, 0, 1, 85.60014, 2, 110.24454)

[node name="Node3D18" parent="WorldSpheres" instance=ExtResource("12_ss8hn")]
transform = Transform3D(1, 0, 0, 0, 1, 0, 0, 0, 1, 28.64161, 2, 131.1673)

[node name="Node3D19" parent="WorldSpheres" instance=ExtResource("12_ss8hn")]
transform = Transform3D(1, 0, 0, 0, 1, 0, 0, 0, 1, 125.791954, 2, 131.1673)

[node name="Node3D20" parent="WorldSpheres" instance=ExtResource("12_ss8hn")]
transform = Transform3D(1, 0, 0, 0, 1, 0, 0, 0, 1, 112.78002, 2, 4.274536)

[node name="Node3D21" parent="WorldSpheres" instance=ExtResource("12_ss8hn")]
transform = Transform3D(1, 0, 0, 0, 1, 0, 0, 0, 1, 74.58693, 2, -33.864975)

[node name="Node3D5" parent="WorldSpheres" instance=ExtResource("12_ss8hn")]
transform = Transform3D(1, 0, 0, 0, 1, 0, 0, 0, 1, 49.609375, 2, 29.915756)

[node name="Node" type="Node" parent="WorldSpheres"]
